T 10101
1 10001
2 01001
3 11001
S 00111
E 11001
8 00011
4 00101
S 00111
P 00001
S 00111
P 00001
S 00111
P 00001
1 10001
0 00001
0 00001
0 00001
0 00001
S 00111

P 00001
1 10001
0 00001
0 00001
0 00001
S 00111
P 00011
1 10001
0 00001
0 00001
S 00111
P 00001
1 10001
0 00001
S 00111
P 00001
1 10001
S 00011
Q 10001
S 00111
# 11011
S 00111
A 00110
4 00101
0 00001

S 00111
! 00100
S 00111
& 00010
S 00111
@ 01000
S 00111
O 10011
4 00101
3 11001
S 00111
O 10011
3 11001
3 11001
S 00111
P 00001
S 00111
A 00110
4 00101
6 01101
S 00111
T 10101
6 01101

5 10101
S 00111
T 10101
1 10001
2 01001
9 10011
S 00111
A 00110
3 11001
5 10101
S 00111
T 10101
3 11001
4 00101
S 00111
E 11001
6 01101
1 10001
S 00111
T 10101
4 00101
8 00011
S 00111

A 00110
4 00101
7 11101
S 00111
T 10101
6 01101
5 10101
S 00111
A 00110
3 11001
3 11001
S 00111
A 00110
4 00101
0 00001
S 00111
T 10101
3 11001
3 11001
S 00111
A 00110
4 00101
8 00011
S 00111
S 00111

3 11001
4 00111
S 00111
E 11001
5 10101
5 10101
S 00111
A 00110
3 11001
4 00101
S 00111
P 00001
S 00111
T 10101
4 00101
8 10011
S 00111
T 10101
3 11001
3 11001
S 00111
A 01110
5 10101
2 01001
S 00111

A 00110
4 00101
S 00111
U 11101
5 10101
2 01001
S 00111
S 00111
4 00101
2 01001
S 00111
G 11010
5 10101
1 10011
S 00111
A 00110
1 10001
1 10001
7 11101
S 00111
T 10101
5 10101
2 01001

S 00111
P 00001
S 00111
P 00001
S 00111
P 00001
S 00111
P 00001
S 00111
P 00001
S 00111
E 11001
1 10001
1 10001
0 00001
S 00111
E 11001
1 10001
1 10001
8 00011
S 00111
P 00001
1 10001

0 00001
0 00001
S 00111
E 11001
9 10011
5 10101
S 00111
O 10011
4 00101
1 10001
S 00111
T 10101
1 10011
2 01001
9 10011
S 00111
O 10011
4 00101
4 00101
S 00111
O 10011
4 00101
5 10101
S 00111
A 00110

7 11101
6 01101
S 00111
A 00110
4 00101
S 00111
U 11101
7 11101
6 01101
S 00111
T 10101
4 00101
8 00011
S 00111
A 00110
8 00011
3 11001
S 00111
T 10101
7 11101
5 10101
S 00111
E 11001
4 00101
9 10011

S 00111
O 10011
4 00101
3 11001
S 00111
O 10011
4 00101
3 11001
S 00111
H 10100
7 11101
6 01101
S 00111
V 11110
7 11101
6 01101
S 00111
L 10010
6 01101
4 00101
S 00111
L 10010
3 11001

2 01001
S 00111
U 11101
7 11101
7 11101
S 00111
S 00111
7 11101
8 00011
S 00111
T 10101
7 11101
9 10011
S 00111
A 00110
7 11101
7 11101
S 00111
U 11101
7 11101
8 00011
S 00111
T 10101

4 00101
8 00011
S 00111
A 00110
8 00011
0 00001
S 00111
T 10101
7 11101
5 10101
S 00111
E 11001
4 00101
9 10011
S 00111
O 10011
4 00101
3 11001
S 00111
O 10011
4 00101
3 11001
S 00111
A 00110
7 11101

9 10011
S 00111
T 10101
4 00101
8 00011
S 00111
A 00110
8 00011
1 10001
S 00111
T 10101
7 11101
5 10101
S 00111
E 11001
4 00101
9 10011
S 00111
A 00110
3 11001
5 10101
S 00111
A 00110
7 11101
6 01101

S 00111
S 00111
8 00011
2 01001
S 00111
G 11010
8 00011
5 10101
S 00111
O 10011
4 00101
1 10001
S 00111
Z 10111
S 00111
